
nData <- 20

L_E <- c(20.11e-3, 26.26e-3, 28.69e-3, 30.59e-3, 32.33e-3, 34.16e-3, 35.98e-3, 37.95e-3, 40.08e-3, 42.58e-3, 45.54e-3, 48.8e-3, 52.22e-3, 55.86e-3, 59.81e-3, 64.06e-3, 69.15e-3, 75.45e-3, 82.88e-3, 98.52e-3)

L_E_err <- c(4.6e-3, 1.4e-3, 0.914e-3, 0.914e-3, 0.884e-3, 0.914e-3, 0.945e-3, 0.976e-3, 1.16e-3, 1.41e-3, 1.56e-3, 1.65e-3, 1.79e-3, 1.82e-3, 2.00e-3, 2.26e-3, 2.79e-3, 3.57e-3, 3.94e-3, 11.64e-3)

Prob <- c(0.3955, 0.6668, 0.6301, 0.5874, 0.8037, 0.7829, 0.7303, 0.5556, 0.558, 0.5519, 0.4896, 0.3882, 0.4664, 0.4896, 0.5849, 0.4969, 0.5752, 0.6558, 0.6118, 0.2794)

Prob_err <- c(0.10, 0.091, 0.074, 0.069, 0.079, 0.074, 0.065, 0.057, 0.054, 0.048, 0.046, 0.044, 0.052, 0.060, 0.073, 0.078, 0.092, 0.120, 0.229, 0.347)

