
nData <- 39

Conversion <- 1.0e-06

Distance <- 735.

relEnergyErr <- 0.005

Energy <-c(0.500, 1.10, 1.35, 1.60, 1.85, 2.10, 2.35, 2.60, 2.85, 3.10, 3.35, 3.60, 3.85, 4.10, 4.35, 4.60, 4.85, 5.25, 5.75, 6.25, 6.75, 7.25, 7.75, 8.25, 8.75, 9.25, 9.75, 10.5, 11.5, 12.5, 13.5, 14.5, 15.5, 16.5, 17.5, 18.5, 19.5, 25.0, 40.0)

Prob <- c(0.677, 0.220, 0.124, 0.241, 0.259, 0.334, 0.298, 0.541, 0.537, 0.662, 0.669, 0.780, 0.784, 0.905, 0.712, 0.773, 0.834, 0.784, 0.798, 0.762, 0.726, 0.941, 0.869, 0.891, 1.03, 0.880, 1.05, 0.862, 0.987, 1.18, 0.944, 1.06, 1.22, 1.02, 0.987, 1.01, 1.19, 0.937, 1.07)

Prob_err <- c(0.235, 0.098, 0.057, 0.067, 0.061, 0.057, 0.050, 0.062, 0.060, 0.066, 0.065, 0.065, 0.058, 0.056, 0.088, 0.080, 0.082, 0.093, 0.071, 0.074, 0.066, 0.076, 0.071, 0.078, 0.083, 0.100, 0.100, 0.120, 0.083, 0.103, 0.120, 0.103, 0.120, 0.130, 0.125, 0.130, 0.135, 0.053, 0.080)


